9.424068643850866955e-01 2.442546770537590284e-02
6.241390370755425243e-01 3.465168041872446203e-02
8.293975545371030655e-01 4.357500095980770816e-02
8.503706696519977015e-01 4.485497484587552819e-02
7.011387484450596341e-01 7.074652301403394627e-02
8.608362931888063896e-01 7.351602216809682844e-02
7.896993469630840812e-01 7.617332265754306331e-02
7.495548664697788688e-01 7.780897081665716364e-02
7.815409261987645850e-01 8.216233766375558023e-02
9.876616465066545558e-01 9.672002658392797603e-02
8.708239277946036028e-01 1.095901650693256180e-01
6.192037757323963776e-01 1.170100177078672310e-01
8.602555497781267935e-01 1.397394043609467840e-01
8.280709451868305537e-01 1.548135013313945985e-01
7.699324368801767626e-01 1.588909471798596318e-01
8.045540423416083220e-01 1.851334452619824988e-01
7.305725100545976680e-01 1.891266843571935974e-01
8.574885009555480719e-01 1.959619650017991876e-01
7.659999156646352114e-01 2.073841351703505920e-01
7.923215107323546835e-01 2.090444761696558240e-01
7.217469733595345271e-01 2.113502661591190046e-01
9.606427682793468037e-01 2.203254556163853906e-01
5.896751147933869674e-01 2.332651714035517410e-01
7.886485293201296320e-01 2.339444100123551085e-01
5.282783132197450549e-01 2.465881496210609036e-01
8.416470173722577774e-01 2.504657426749267168e-01
1.497363483865861433e-01 2.573083349369118533e-01
7.149079444214077039e-01 2.601341065467421831e-01
8.564039868376369657e-01 2.643349169317324998e-01
7.485129494380148296e-01 2.740691950858266113e-01
4.715565214014531548e-01 2.763903447723222717e-01
9.990724223949734029e-01 3.297042779307249871e-01
9.698163691558531196e-01 3.454479215240775503e-01
1.815832618316343405e-01 3.470401822759217048e-01
5.294134244050784088e-02 3.504995028584657613e-01
7.457122299891381090e-01 3.508595082640996177e-01
9.387965561611062437e-01 3.668791958046669910e-01
8.765668541666776781e-01 3.714111974726581611e-01
8.446768271022883079e-01 3.745609683980294369e-01
7.335428252873112953e-01 3.762261234593184955e-01
7.933495798839951263e-01 3.931001585640780949e-01
8.541893232474767617e-01 4.007842661079484836e-01
9.352990275556355426e-01 4.053024850690021275e-01
7.341061930367922539e-01 4.157367122951340921e-01
8.401426917127862160e-01 4.324126621120492064e-01
6.861052693797906610e-01 4.437484579766006743e-01
8.975819807931899597e-01 4.511518580518073529e-01
8.670434423480769537e-01 4.524773436725457731e-01
3.219295418654338770e-01 4.706624864084149040e-01
8.526756406338865668e-01 4.815285600289627155e-01
8.525865909198752091e-01 4.913021352336256475e-01
7.677928505654215696e-01 4.994416821907607940e-01
8.708659794966171486e-01 5.198828564638093841e-01
8.518141454245432564e-01 5.288724242276214849e-01
7.760133362701732151e-01 5.301060736810589979e-01
7.616059715592458090e-01 5.341664103423209298e-01
9.213887247718737239e-01 5.379373540700506107e-01
2.685623383640545203e-01 5.416873880258050722e-01
7.694914657004889857e-01 5.474736343171019426e-01
8.773594707247702740e-01 5.477600277166170262e-01
4.199517527476713530e-02 5.563163755268138999e-01
7.556966726828262537e-01 5.568173852828046666e-01
7.608777772237840242e-01 5.694762989483719284e-01
1.126939992825379544e-01 5.816957537557472246e-01
8.832618751832020942e-01 5.847600653773668000e-01
1.003727660024715140e+00 6.224430152715322295e-01
8.414280178161154256e-01 6.266812843678463141e-01
8.199645053091501046e-01 6.342501811761093178e-01
8.862324631513619488e-01 6.554407666153634349e-01
1.841972932212232739e-01 6.686636083230268479e-01
7.416904170247524686e-01 6.804243666744264063e-01
1.818969636164634862e-01 6.863459128682296573e-01
8.382694544408234583e-01 7.027119891200060975e-01
1.317454135153666994e-01 7.205905083767651931e-01
7.737657070510295387e-01 7.285763449044794227e-01
6.814579951244534861e-01 7.476559320670503883e-01
-4.210992536364477346e-03 7.556973566879289228e-01
9.805524279597347403e-01 7.786963877196021455e-01
2.545036945055790811e-01 7.943041854564227844e-01
7.884802086444101521e-01 8.042536376808913090e-01
7.556224516631293575e-01 8.146144772963055392e-01
7.834917994549057685e-01 8.157708108121202173e-01
7.275906254891246761e-01 8.428656108887098153e-01
7.910580919437357750e-01 8.909293546012725384e-01
1.890865073168247201e-01 8.921269510015938931e-01
9.536494928852802533e-02 8.973112724273680785e-01
8.485633813102419487e-02 8.984654113991829005e-01
5.582930140385307105e-01 9.101934235727545675e-01
1.015070159668593486e-02 9.108810326274925373e-01
8.463856825355665636e-01 9.115866755291693879e-01
-6.376409829563733922e-02 9.251583719386045068e-01
6.614284722009919903e-01 9.302766965657590648e-01
6.340541016666625396e-01 9.347686040085882997e-01
1.397652557663291439e-01 9.585814150406428702e-01
9.399888609425829378e-01 9.587523347873275759e-01
3.178054153256876235e-01 9.643568479251446446e-01
2.461107872028809873e-01 9.727142936948623975e-01
1.576224911054860400e-01 1.003195290879823176e+00
2.461761325085960461e-01 1.023251870899691607e+00
8.807996554692016922e-01 1.026452263725401437e+00
6.950006862714479539e-01 1.030616413617446048e+00
9.281738747730716721e-01 1.070616173281130123e+00
1.313038528687157092e-01 1.082199682555291087e+00
6.356891503936615839e-01 1.087424748618104120e+00
8.630774983422372371e-01 1.094447692684451301e+00
8.087740298150750684e-01 1.098642052832986993e+00
-4.546430683775495862e-02 1.106482308023253314e+00
8.068821056272693637e-01 1.117241064036800013e+00
7.264618099526054529e-01 1.126272434085785701e+00
7.779877047404337720e-01 1.126282441127234746e+00
1.032968483578468932e+00 1.144131802372561069e+00
8.088463183740286500e-01 1.155649409830631358e+00
7.510281963076627099e-01 1.160252824812004979e+00
-1.096222099316060405e-01 1.161995551998248999e+00
8.686860403218643611e-01 1.179084651011836016e+00
8.430428991846736775e-01 1.233732780486425984e+00
2.588858274037539320e-01 1.246062686019277832e+00
1.426971217825229177e-03 1.254767427189006579e+00
2.255975680785422266e-01 1.272996900245633611e+00
1.184502753344772313e-01 1.274169695043256167e+00
7.222547601523452432e-01 1.279009000632302495e+00
5.511138652408895666e-01 1.300112703851413976e+00
1.839671927516448036e-01 1.304166623015815540e+00
7.835514045086812152e-01 1.310673676625665252e+00
5.163442634259642894e-01 1.310875767540445658e+00
7.100182849091842829e-01 1.321261917023883736e+00
1.226256052597747143e-01 1.349601311581366314e+00
9.921034344074468603e-01 1.356231816382720279e+00
8.700303286532162783e-01 1.361656865417815832e+00
7.240420104870930462e-01 1.368560355771586412e+00
3.218623695539864493e-01 1.387512158926366368e+00
1.496488671487749000e-01 1.395158728526597169e+00
9.677259973375701430e-02 1.401260959556985375e+00
8.199164122723872072e-01 1.401325833025225620e+00
2.371687280910780848e-01 1.416044840070008082e+00
9.620038628450071627e-01 1.428059211382482374e+00
8.478602369521202053e-01 1.442833342622049431e+00
8.218181906666564007e-01 1.444004969248375847e+00
2.669649555097153293e-01 1.451166357081505875e+00
8.496200013241332893e-01 1.477783019288718691e+00
7.209385355329364087e-01 1.489972975136838906e+00
1.683878016414255274e-01 1.520095950278525621e+00
4.574993530128258490e-01 1.526554165106710492e+00
6.975005184573402905e-01 1.530045161141911247e+00
4.966012499545455761e-01 1.545781667218456779e+00
8.691891218989473700e-01 1.559934507962991823e+00
7.015833288226398512e-01 1.568813051541777082e+00
6.405608662553897992e-02 1.579611126798444731e+00
6.183853726340748924e-01 1.583305281479714388e+00
8.557131723249101762e-01 1.591838874505880908e+00
9.558280138564124728e-01 1.601691095557548294e+00
8.065691176694377296e-01 1.602632180531561090e+00
6.275495200500332826e-01 1.608184806691064450e+00
-1.066915990888721855e-01 1.609555331418978774e+00
1.816797275700563485e-01 1.613742498713849560e+00
8.761839147706247388e-01 1.622760662407889409e+00
6.623641035933595933e-02 1.626126785449255152e+00
8.269398859812905622e-02 1.636939976791258911e+00
1.837317232648623122e-01 1.666850134396473671e+00
7.583944116098788601e-01 1.683166845464223682e+00
1.824485339686602314e-01 1.698729146178314497e+00
8.568938284464475696e-01 1.722044332447003612e+00
7.249726812982139057e-01 1.730612671601040820e+00
3.588140532056598442e-01 1.745725709383401103e+00
5.808220605310205897e-01 1.746399535658021973e+00
8.336128261714552679e-01 1.753673785557615439e+00
5.241727361492930504e-01 1.758828271164510237e+00
1.242605833837082951e-01 1.794209948249931852e+00
-8.396820204272820165e-03 1.801871843263499695e+00
8.795707365274979539e-01 1.816853004238069946e+00
2.370780421985509978e-01 1.848224876347497769e+00
3.231766187756090480e-01 1.855134461659615930e+00
7.875368553456837395e-01 1.860438535086698320e+00
1.545376464243730652e-01 1.870006100282644468e+00
5.978801181016765165e-01 1.880655027642258892e+00
7.526355812084487562e-01 1.901236956810212764e+00
-8.285996762322095366e-02 1.904953312204422655e+00
5.466235942556428862e-01 1.912362312869601899e+00
8.086248514567372370e-01 1.918741824406801966e+00
1.098631940593287892e-02 1.923815621025459333e+00
4.758380970076987460e-01 1.965767351758415993e+00
1.735536271288222465e-01 1.966359705576352646e+00
4.858159513512325667e-01 1.967865550080708292e+00
5.401590163366489783e-01 1.984118960880054683e+00
3.783161046499964320e-01 2.010197633568591602e+00
8.639767975987744375e-01 2.029579552280527110e+00
9.617910627395173107e-01 2.044973885379846479e+00
6.466887187969557749e-01 2.061146289816586208e+00
9.068338176408972107e-01 2.088732079732602998e+00
8.803613605214704041e-01 2.106233947921063443e+00
2.357745654393438306e-01 2.131740087832805219e+00
7.425054682141162266e-01 2.147676075210996682e+00
7.611428350418649735e-01 2.158117427596837778e+00
2.477051319999730439e-01 2.179880087811413958e+00
1.664807537522191294e-01 2.188806226376321273e+00
-1.213826184725538271e-01 2.189198943655299878e+00
1.558455772551297636e-01 2.201836545666224332e+00
9.074788475765711848e-02 2.218216068294792009e+00
5.814820295151559293e-01 2.220904459721610991e+00
-9.185370902464709553e-02 2.221328761690083642e+00
5.227070149820323142e-01 2.229435783368993285e+00
5.593187222688152938e-01 2.239066376306942274e+00
8.039316108593334009e-01 2.240515107995896482e+00
1.859183221358295945e-01 2.240634875493615841e+00
1.717324946500283778e-01 2.276593646135927074e+00
9.988411695788318445e-02 2.319705071704980526e+00
6.243503343350444990e-01 2.333131813850606751e+00
1.374189500149334275e-01 2.336051072877884938e+00
6.360032288734774886e-01 2.388356481669658304e+00
2.456792763115994704e-01 2.402611381622605347e+00
-7.219326847213491938e-02 2.414208027892827957e+00
1.158464076487886601e-01 2.426319633491330841e+00
4.529421626071221674e-01 2.427830420585034510e+00
8.393949177271430306e-01 2.445723811587967145e+00
-1.852547524636705134e-02 2.448969608374945928e+00
1.982787191592340625e-01 2.460761757353777668e+00
9.848765293265012710e-01 2.471160537342601327e+00
5.391686072938299823e-01 2.471410513209765014e+00
7.652038178266525881e-01 2.471757532239868826e+00
6.290816562042409466e-01 2.487773275346136792e+00
7.861682494620403361e-01 2.526353852381879150e+00
5.251322703217806698e-01 2.551907045936146812e+00
5.832931507361924783e-01 2.576042087417459214e+00
-1.003758744677232806e-01 2.591700601229413259e+00
1.786784686856962567e-01 2.593621053163142509e+00
6.840586464816205137e-01 2.604643224124258083e+00
8.065578513299981323e-01 2.628419741864903347e+00
6.591667318642130402e-01 2.633988857342782985e+00
9.224969237436350666e-02 2.643568480730938752e+00
7.491280486625166990e-01 2.644296465248170414e+00
1.035905266197360008e+00 2.657813021091773642e+00
9.476251997682688666e-01 2.659566069729169868e+00
5.614945749849438450e-02 2.663478038804801606e+00
8.381091034215034652e-01 2.686201498077070760e+00
2.294746627484514079e-01 2.707582641836669524e+00
2.754594828743208712e-01 2.716276225482128659e+00
2.488365926125067906e-01 2.722200831693535772e+00
4.910124441584091670e-01 2.741148207773337120e+00
8.303133965772636627e-01 2.761768012057938648e+00
1.290087100580655233e-01 2.778231928754542501e+00
3.694409156236287961e-01 2.795240422222017518e+00
9.514987024680733596e-02 2.806874724635842977e+00
2.316447221006809054e-01 2.818804136351950262e+00
5.981426361049212437e-01 2.861879245760221124e+00
5.302218729970357147e-01 2.863146751393529144e+00
8.213447879999160595e-01 2.873301420207690082e+00
7.792353507484242048e-01 2.876108259659103883e+00
1.079400231729233384e-01 2.889873050853642322e+00
-3.354290924235078797e-02 2.896989806746675722e+00
1.744016044793774145e-01 2.900614172262121482e+00
5.060970912325496451e-01 2.900923535166044953e+00
8.863795209793761121e-01 2.919647460660111271e+00
7.374509406000930023e-02 2.929217529608658666e+00
1.871596797932091050e-01 2.940254562749733847e+00
2.934192418577264982e-01 2.949442070502629853e+00
2.600380539143159475e-01 2.967630330413766782e+00
7.497041616057245061e-01 2.995801665891146826e+00
7.144901716187365137e-01 3.021329749834674061e+00
2.587799675165238789e-01 3.037548471523692228e+00
3.436391637034328372e-01 3.054394415787745842e+00
4.386719599771866651e-01 3.063877275573132053e+00
9.269290334359060468e-01 3.064963280708378868e+00
5.869989498240768544e-02 3.082982132969508182e+00
5.202210344605714409e-01 3.084212044461200009e+00
6.843757159540556079e-02 3.091270252964940735e+00
2.651452005370046328e-01 3.096514513657928180e+00
7.549519447619186252e-01 3.100496828399085025e+00
8.403890565202813967e-01 3.102580033579715124e+00
5.329274316231291664e-01 3.105375881534230942e+00
4.549232610557717993e-01 3.116952297535828365e+00
2.312499437665425928e-01 3.118004620459361220e+00
4.447682162424150543e-02 3.151243488338509646e+00
5.433963205905801841e-01 3.155383741789914875e+00
3.198635840765312599e-02 3.176758863427872281e+00
1.437806594332191323e-01 3.183272662946426301e+00
5.563371954951434883e-01 3.185755006471969519e+00
3.176399057446394059e-01 3.207215840090468895e+00
8.761253318153213732e-01 3.227625905432710329e+00
1.694173920267717792e-02 3.245568455151755405e+00
4.743273459829985828e-02 3.247007826986803458e+00
5.228172226786320653e-01 3.250470793198477537e+00
6.010878877155432232e-01 3.255018289135946929e+00
5.158278334962013156e-02 3.270854235478160454e+00
1.004995214825659566e+00 3.291730707497062092e+00
4.581368412467438644e-01 3.298804821717488345e+00
-1.007753265044535329e-01 3.300212187761191629e+00
5.924215941105419603e-01 3.303643622492346665e+00
3.008849174128401804e-01 3.306190781869449591e+00
2.299435404802852578e-01 3.310342400502344518e+00
8.238329046645775922e-01 3.325286333953487272e+00
2.768319075834609344e-01 3.328006053869768444e+00
2.549957987618961530e-02 3.343616216296272370e+00
7.270839924552717770e-01 3.346794958548661381e+00
8.465281365444521366e-01 3.348232242854722873e+00
1.736960650475226076e-01 3.376923112250551196e+00
1.996504399568621579e-01 3.382602690533456524e+00
1.319927423084112372e-01 3.386141992542542223e+00
9.086322163508080418e-01 3.390329730963226762e+00
-2.509304609289467192e-02 3.390823002580664269e+00
3.066846835101999513e-01 3.392514337079413078e+00
9.352482006206297438e-01 3.398161445196388186e+00
1.185571882137367028e-01 3.414439047631649515e+00
7.328637951988452581e-01 3.415301473562231127e+00
8.345798102152006681e-01 3.430918416035673157e+00
2.604452810521872275e-01 3.448053064134673829e+00
-2.079799537432416856e-02 3.454344253762765327e+00
5.494973797870652543e-01 3.454597645107967629e+00
-1.068301438041591722e-01 3.456751902016375055e+00
5.082158092898305668e-01 3.473548414524195493e+00
5.990526891626694050e-01 3.505638235071908415e+00
2.471427650807449528e-01 3.521154156271474989e+00
5.362959538524085801e-01 3.525281014601132412e+00
5.311117447070433650e-01 3.541357960746748468e+00
9.548087235335784850e-01 3.541461403377499817e+00
5.476237833431109037e-01 3.542897066503646109e+00
5.976154672018860747e-01 3.553752008528612727e+00
4.576162021950574421e-01 3.558357849279747853e+00
6.077700905467008363e-01 3.565931763921386555e+00
-6.126662967291604533e-02 3.573927540343091902e+00
6.794593938594705174e-01 3.575053388057977344e+00
1.506735588450152374e-01 3.607100747446850608e+00
2.027594365303546364e-02 3.617063363898576078e+00
5.133239115323885438e-01 3.618423635547617145e+00
8.774842385601441253e-01 3.627939599288126704e+00
5.963386029083043161e-01 3.631697987360797075e+00
4.996408408906182763e-01 3.634050940879660629e+00
4.808840850446830517e-01 3.642025799728820346e+00
4.586834313822173437e-01 3.652661145830894185e+00
5.398137225419279428e-01 3.667233696332038662e+00
4.631049906455468879e-01 3.694158840949905986e+00
1.818120862755037703e-01 3.718814637087860753e+00
-2.664932395986277514e-02 3.738371946286766168e+00
5.001684934790074921e-01 3.747237731053453480e+00
6.119394094022871933e-01 3.755337087789675010e+00
1.964840235709728877e-01 3.755675946246820995e+00
4.082330988497493984e-01 3.757598056413346654e+00
6.064887181864900834e-01 3.760271406304214192e+00
5.030365151044762229e-01 3.788882219410175445e+00
8.142518724946186115e-01 3.799986388462570641e+00
5.291929580079752782e-01 3.800513302396003823e+00
1.294389079030458800e-01 3.805026033340409342e+00
7.694701690399065042e-01 3.805981510340368246e+00
2.991555191605793640e-01 3.816042377483270798e+00
3.131173424360469415e-01 3.828820603398563449e+00
5.815850768571302343e-01 3.856502751273815033e+00
4.856531153706198922e-01 3.861468410910647187e+00
7.812507065296907249e-02 3.877689313087073764e+00
2.177960321123979803e-01 3.899180318042656523e+00
8.698291093451976375e-01 3.906779951755599001e+00
4.122583231579404206e-01 3.924149436633705079e+00
1.044668213590294603e-01 3.927020788977297894e+00
8.443063221607028934e-01 3.934951774540343727e+00
8.122143134278927423e-01 3.954671885104400708e+00
8.081135499212223350e-02 3.985905663580724845e+00
4.679526326422555060e-01 3.986431477534712275e+00
6.343634813540546258e-01 3.987057698233951619e+00
6.848165134877851612e-01 3.991553573507041097e+00
2.146280462760771779e-01 4.004828949656769943e+00
1.608536898064742982e-01 4.013372773933463478e+00
2.035686702144685611e-01 4.017906682394086992e+00
5.802589767702510670e-01 4.018679578460480073e+00
8.713148021829830725e-02 4.057187103898613145e+00
9.084548869026045637e-01 4.062082814489937022e+00
1.899413244597382144e-01 4.091977217016065538e+00
2.475230303546561150e-01 4.097031143407681597e+00
4.460882888914229349e-01 4.098991340456503707e+00
5.774906596073329235e-01 4.100792058275401608e+00
7.629160946358474193e-01 4.104446985182907071e+00
5.817750665552959832e-01 4.144077842668776768e+00
1.483253935163719173e-01 4.144421931338102105e+00
5.852196453421397715e-01 4.148253552916033371e+00
6.892651043435389369e-01 4.154162774172494466e+00
2.084784480004197305e-01 4.158610182302027169e+00
7.188160502614205916e-01 4.166571719576518618e+00
-1.092979930005918976e-01 4.209094973357584202e+00
6.604809896901100430e-01 4.227862293828662743e+00
8.295852551221173377e-01 4.236177363621046688e+00
1.804313771564839686e-01 4.262500403775521640e+00
1.026599414399679944e+00 4.294436300124968575e+00
-1.641160070287250861e-01 4.297251767681300016e+00
6.354763481284578797e-01 4.298043651397899900e+00
4.944899146939292500e-02 4.309673757313650988e+00
1.534209189498441372e-01 4.319623129701660957e+00
6.521887794137899430e-01 4.340757467037498429e+00
4.955075481926467518e-01 4.341840174273825070e+00
8.637194577202632340e-02 4.353469757498145576e+00
-3.259086966869123581e-02 4.356627563261748826e+00
1.831586082127569237e-01 4.363101577049716795e+00
2.539082537249859883e-01 4.381885078211236184e+00
5.269210159462284215e-01 4.392137971910007543e+00
7.346078771190731049e-02 4.392921659510625076e+00
5.536071981229993000e-01 4.394574388204796733e+00
6.170704676632703389e-01 4.419377490836749800e+00
2.140109447003152310e-01 4.431203786490129914e+00
3.209066689135636752e-01 4.442698004390591038e+00
5.391308789099176491e-02 4.444413717805491437e+00
8.832142673561009794e-01 4.454673757783054633e+00
3.536186724252683711e-02 4.455269789840993866e+00
5.495672785945064920e-01 4.470204503387488870e+00
3.442218205778857509e-01 4.471648155186943363e+00
6.105364737568155231e-01 4.482762847646959870e+00
3.110373747670102662e-01 4.498818888398910865e+00
6.347390943336715941e-01 4.499978335236768601e+00
5.836546765731783770e-01 4.503871975135866457e+00
7.011415121778783455e-01 4.543515850751342455e+00
5.347287524402564163e-01 4.550437201434998080e+00
6.076716447186021330e-01 4.560171018107241458e+00
4.868675958422296612e-01 4.561987955661428451e+00
2.098465918745560099e-01 4.570275091587714833e+00
-6.903776291470950510e-02 4.592053832865047980e+00
5.538615913083307918e-01 4.595437438651723383e+00
4.107378949553331382e-01 4.596199686684409258e+00
6.206406714738699204e-01 4.602182721314043157e+00
1.384449243192070189e-01 4.609677384611263307e+00
2.146739055593521739e-01 4.612416054649617791e+00
6.823856131380212631e-01 4.612432976431981579e+00
5.731213977767500856e-01 4.619757006878947969e+00
8.355852234122463917e-01 4.619895776257165743e+00
1.237054324205321409e-01 4.625134032056716471e+00
8.771339655965772197e-02 4.625156276716204218e+00
-3.935862668704090406e-02 4.641995323319890510e+00
6.583827213525816902e-01 4.657323095343576469e+00
6.959182031317704409e-01 4.666286263741088902e+00
-1.001049819259505758e-02 4.669491128361325849e+00
5.522776948699044119e-01 4.693337407501800840e+00
6.549658143010288480e-01 4.703488262644521356e+00
2.910683832371305235e-02 4.705232311673039902e+00
6.724608205316321419e-01 4.709476908111043691e+00
3.223993220335985566e-02 4.710324905744006863e+00
5.367808919007961421e-01 4.727464822179106463e+00
6.135246225569689349e-01 4.734316115942375447e+00
4.057464023536398456e-01 4.734404500855508680e+00
-3.259767050369838381e-02 4.736140498191791615e+00
6.250134863885018488e-01 4.747636968450665407e+00
9.610822535795573995e-02 4.750114329269684355e+00
3.956413545594819059e-01 4.763578493382051526e+00
2.303469851409629954e-01 4.772472877515897771e+00
9.212658592042254346e-01 4.785002834133891270e+00
9.357936949463008247e-02 4.787056374118074054e+00
4.549439127684247186e-01 4.812375887738975955e+00
5.760371723850550296e-01 4.848662723656387286e+00
1.322814656434908587e-01 4.871776776660287744e+00
3.363901093837520229e-01 4.875192152549617575e+00
9.567681134381265107e-01 4.876207083685258681e+00
-1.676902070959058189e-01 4.893320489464180412e+00
1.588013242655731405e-01 4.898845539873398991e+00
6.065514254499935198e-01 4.904265015930304727e+00
7.659003778006145957e-01 4.909946103430631759e+00
2.321306630003466542e-01 4.913067933015678790e+00
1.451286032391571057e-01 4.931504672046695070e+00
-1.171094938342792935e-01 4.960674172602913323e+00
7.117474511823818073e-01 4.961345257012197862e+00
4.071490359522886848e-01 4.973501590544779916e+00
5.321318678675375224e-01 4.985233328988331714e+00
3.547334119319908718e-02 4.991716675395822200e+00
1.428853620193454299e-01 5.005982497504954054e+00
5.379991780327684214e-01 5.008476542960374367e+00
4.495906492605078464e-01 5.019421974317632262e+00
5.239604063971121661e-01 5.038849407137305114e+00
6.663801813696676457e-02 5.089144250915236256e+00
1.814696550292398403e-01 5.089231446133962500e+00
6.315542187285577702e-01 5.104310058928838600e+00
5.505838620972974828e-01 5.108941354253912159e+00
7.859585232280993927e-02 5.112313134367742151e+00
-3.046182431839294935e-03 5.134348169527530814e+00
6.296909851243450706e-01 5.141202684722672167e+00
6.164419300054078121e-01 5.150275156633393081e+00
6.735195689613834302e-01 5.158166116905327669e+00
5.967485973139923239e-01 5.169908103170242519e+00
3.359978559225884620e-02 5.181757104842938944e+00
6.689086368221857093e-01 5.195509922317673279e+00
8.464166268842473473e-01 5.207399651688480624e+00
-2.081919868666082252e-02 5.224783103205750123e+00
5.412796501559108409e-01 5.229950504432806291e+00
5.764510476262102445e-01 5.242513246526747217e+00
1.113452597233448443e-01 5.244503797992975613e+00
9.087128078720706492e-01 5.256107135434282540e+00
4.677040670416692247e-01 5.266335607067944125e+00
2.128273004278256053e-01 5.269473054342417306e+00
6.509344663898191108e-01 5.275709270170093390e+00
6.962193868056320012e-01 5.280565833154670763e+00
8.520297027735460604e-01 5.284764120488315342e+00
9.692589679867429364e-01 5.312792890923701883e+00
8.614368627380228349e-02 5.316845835325191061e+00
4.516782699028306647e-01 5.318048178066489662e+00
4.594673946497314088e-01 5.321843710324104748e+00
5.479238212593502411e-01 5.333342146667873429e+00
1.724254536204648247e-01 5.333606873753702793e+00
4.463139445333108579e-01 5.340374005532363633e+00
5.954593145797718590e-01 5.349778917143918733e+00
4.499324702812230736e-01 5.353923107197951836e+00
7.369014430980164176e-01 5.381355085726617915e+00
7.065513827303966377e-01 5.410196201410570893e+00
6.070181831634301473e-01 5.412154412153711291e+00
5.109678326707407514e-01 5.431978981436026643e+00
6.506136820455050984e-02 5.432549109711938939e+00
6.472151921894595539e-01 5.441407801618943552e+00
5.175408054290753235e-01 5.453405546318221830e+00
4.751364733250365013e-01 5.455678298397226733e+00
1.338764846649354856e-01 5.461888184453745687e+00
3.918927311923637857e-01 5.465226742895486822e+00
4.797566552506588033e-01 5.474426535551311090e+00
6.739171932618359673e-01 5.476328994465916367e+00
6.679102644796655053e-01 5.486852636041585463e+00
1.377326638902378331e-01 5.497837381704484550e+00
5.985849537877941939e-01 5.506342619966066998e+00
5.481272372423988681e-01 5.515821484108635708e+00
4.314567877022541520e-01 5.518201394974378893e+00
-7.567233080903107423e-02 5.529489878649295420e+00
8.168992606857687910e-01 5.550069240684622152e+00
5.013465819293320136e-01 5.552085095468220821e+00
2.470497568473257743e-01 5.580257347165260562e+00
5.093553859423505248e-01 5.586996856131252187e+00
2.836900950640965924e-01 5.592728057019540344e+00
3.076185603095407672e-02 5.600571962153312100e+00
4.686489215181301182e-02 5.601533902904162865e+00
5.352911480495282648e-01 5.608128373844545322e+00
4.751505720719854664e-01 5.617842837347019724e+00
6.069345163477323224e-01 5.628134908279461612e+00
7.399365260021845137e-02 5.658918918531104403e+00
-4.478329595182448108e-02 5.676576946095250875e+00
4.932846854307588180e-01 5.676816474964133441e+00
5.023687023932725815e-01 5.691908563764297213e+00
-3.295212572605565882e-03 5.709244434801347801e+00
6.418596394407877215e-02 5.751958811756729517e+00
-6.663016985426140071e-02 5.753181695733946555e+00
1.858456178807670056e-02 5.760460263181308882e+00
2.319432359761019469e-01 5.767952969479801517e+00
5.977820090178982415e-01 5.780634859586139207e+00
5.860052018859540635e-01 5.795247808709023118e+00
6.383793255341315698e-01 5.796942825584697090e+00
4.872280099381657292e-01 5.799610127377984092e+00
6.191640295531088967e-01 5.819485583322155264e+00
9.439350218828362893e-02 5.820748079931927776e+00
4.134725080859297797e-01 5.842805347423894347e+00
7.872217264706360407e-01 5.854109263243854500e+00
7.868194042275720168e-01 5.864926738882084045e+00
4.957442412140077026e-02 5.879217537915364389e+00
5.283343080263518399e-01 5.883794106832688442e+00
4.636532583808006258e-01 5.886410828073644019e+00
5.358856653969410466e-01 5.901119762041392214e+00
1.000193883931741745e-01 5.914046145150849476e+00
6.555863904994508884e-01 5.918468511651148845e+00
3.210360174150389545e-01 5.918556934215080112e+00
3.664836271341426199e-01 5.919783992771535885e+00
6.551076470531622675e-01 5.930361994208433352e+00
2.143300936319935679e-01 5.938219301423109719e+00
-7.889348107346849659e-02 5.949116547764360163e+00
1.681253920801971113e-01 5.954376541879780049e+00
6.483922975232664365e-01 5.954493023583642852e+00
1.654729994375067625e-01 6.010200198228297985e+00
-5.820103866395770487e-02 6.027888774692114815e+00
2.521244792552352343e-01 6.039916172541897055e+00
5.130256488678458515e-01 6.046777917616245723e+00
4.810639171404450520e-01 6.061495996486952365e+00
1.163914186109948623e-01 6.064042687257591879e+00
5.724420786761336144e-01 6.079354926616602484e+00
3.968662530600757243e-01 6.082283524742862824e+00
6.570734809570251134e-01 6.095547133613938406e+00
-6.128334416260455830e-03 6.109582183774543651e+00
1.150072873794780320e-01 6.125787920832769018e+00
-2.399385593626143787e-02 6.126057397582398423e+00
1.947076367434499300e-01 6.129667676703856039e+00
6.255602857282564766e-02 6.137254131199444629e+00
6.976509205875705000e-01 6.168896018080696209e+00
3.496016082688194193e-02 6.171477036778659553e+00
8.101169757514009584e-01 6.179188650075460032e+00
2.651850811189741808e-02 6.191500371267781411e+00
1.440355466951103725e-01 6.200586768929880144e+00
1.569959021127367294e-01 6.204041760763455926e+00
1.598174105134306244e-02 6.205582737391513781e+00
-1.397389078282211261e-01 6.211925897958600729e+00
4.856914627124963579e-01 6.215812516640347951e+00
5.027913673407554684e-01 6.231693943580669526e+00
5.980753225159357589e-01 6.233510967484370724e+00
4.838579896413787163e-01 6.244500270723358781e+00
4.939085691042669479e-01 6.256074869392867832e+00
1.029280686835657210e+00 6.273894376687233709e+00
6.093229896337738483e-01 6.284799686742772451e+00
3.923712762765814432e-02 6.307669646533383911e+00
5.465275048005597824e-01 6.309936697033335484e+00
8.770161570970630427e-01 6.315443405781297592e+00
8.953755424645920558e-01 6.336331751257917588e+00
6.036883326713926579e-01 6.346286050703177750e+00
9.681913515646718427e-01 6.354549889596713186e+00
6.679606558077886280e-01 6.385713750815083856e+00
4.785865164008006323e-01 6.386959473192702852e+00
7.462175561176954686e-01 6.392378153700955856e+00
5.664746866986005713e-01 6.422346889301728368e+00
4.549090329250339848e-01 6.427389121479793133e+00
6.299093794635071131e-01 6.444923648601268873e+00
5.390389189191894248e-01 6.458573523468642996e+00
5.645743704143952879e-01 6.464770545262966905e+00
7.452187559957927643e-02 6.467960406482498925e+00
6.628246577225379577e-01 6.472473759001743154e+00
1.040014605120982649e+00 6.495034583445137066e+00
4.295726187609753000e-01 6.500591529247736311e+00
5.779832066725727469e-01 6.502050499163655850e+00
4.597898275216018571e-01 6.509052022350453548e+00
7.291305720703454840e-01 6.524916062105802439e+00
5.893547069174941422e-01 6.528901454201983867e+00
1.437050880705270373e-01 6.532054291231427001e+00
3.985622229942963890e-01 6.555125264623612225e+00
5.115023531994781214e-01 6.585835803470576622e+00
8.703674498659577652e-02 6.605472522007996616e+00
5.133127223988055432e-01 6.617815439597990235e+00
6.463219304322601610e-01 6.621306504022921757e+00
1.516775086620727464e-01 6.631208113257621051e+00
5.815097786080422049e-01 6.636434974712593693e+00
2.396845028462419314e-01 6.650173086002967082e+00
4.325852116653075563e-02 6.669458809924221576e+00
4.523281220964244786e-01 6.671111093148557103e+00
4.930819119933357308e-01 6.671556524094837570e+00
6.356981312091440905e-01 6.673532803226817300e+00
5.223329947354600211e-01 6.677280311024214932e+00
5.647238799442551027e-01 6.677528876250202750e+00
5.092601447625093591e-01 6.684258506959649182e+00
6.194096171752350166e-01 6.694510777634539167e+00
6.351497309585567574e-01 6.710509554640132990e+00
7.276146836131349716e-01 6.712543528626584433e+00
4.959827218832599804e-01 6.733821674027767656e+00
4.964551985907507126e-01 6.778118256504172656e+00
5.614346768835237755e-01 6.791792776235805462e+00
7.641233567152813655e-02 6.814179202877876484e+00
5.178171291270627918e-01 6.829760998866470700e+00
4.221240284523772868e-01 6.831049165977737481e+00
6.223742609405717996e-01 6.839751937629445777e+00
6.775433704815882197e-02 6.853095916582313762e+00
5.515080880589727508e-02 6.865122341711658471e+00
6.376321243216254153e-01 6.866121360925797390e+00
4.322717509967219374e-01 6.874013137343253810e+00
1.653609855422842889e-01 6.879122613442000045e+00
5.105955789571596792e-01 6.883173142036357994e+00
1.635704918274219488e-01 6.895933279161132745e+00
6.420468610360643424e-01 6.906191550694017245e+00
3.743014736876926207e-01 6.919184289501813190e+00
5.603980205067953246e-01 6.923629463861496802e+00
3.100316984600518522e-01 6.947631094939373142e+00
1.863658634215834276e-01 6.964099689170750729e+00
1.093415720598784613e-01 6.981400835487880485e+00
-3.894141907679651848e-02 7.006467279705858253e+00
5.642921396311507687e-01 7.007134780454800094e+00
5.001527151176324848e-01 7.010260785257644400e+00
5.758530127113024033e-01 7.014271724827579213e+00
5.856439117457046262e-01 7.019900255686999380e+00
2.572893780386349416e-01 7.022104834565835674e+00
4.333125919565178341e-01 7.031570123793359883e+00
6.322483913481130591e-01 7.032272991141454987e+00
5.319891608609293998e-01 7.043087296545468057e+00
6.700024746181219015e-01 7.050399174158363813e+00
8.939410613725110588e-01 7.056795227006551485e+00
8.362216445613748772e-02 7.111269438571582668e+00
4.364736924700355902e-01 7.130122726823710622e+00
1.306687724781313564e-01 7.149790418102178080e+00
5.100679631545274040e-01 7.160852711919212688e+00
4.864451264186861468e-01 7.160880502524182845e+00
4.306530565363583252e-01 7.169894686597661604e+00
5.013148343561452114e-01 7.175173084118770639e+00
7.249591866868964063e-01 7.175291889710017301e+00
8.427538938820175463e-02 7.176168049219564971e+00
5.143416451428347580e-01 7.187377383244612616e+00
1.989625896896905499e-01 7.197983627156794739e+00
5.480022273763645035e-01 7.207793489272393828e+00
9.562805239857621875e-02 7.211839263733807570e+00
5.379396879925276709e-01 7.239917179089344401e+00
5.077251476405717501e-01 7.247963137470353701e+00
4.970906061653201924e-01 7.265460176551425064e+00
6.033288304710089367e-01 7.268112314443063937e+00
4.882891406693057879e-01 7.273107185222042581e+00
5.793950137371668418e-01 7.285164067655010456e+00
6.004971452122510600e-01 7.290708984295953599e+00
5.299889399152640790e-01 7.300678026313377700e+00
5.727511880513439513e-01 7.312739911949172722e+00
4.856574888076820584e-01 7.320373963799474915e+00
2.490982556959900895e-01 7.353042693456196766e+00
5.369158947745817922e-01 7.358281468618082855e+00
9.614236824128945536e-01 7.370745646118460392e+00
4.160010200928054847e-01 7.398631628066232757e+00
4.783515574668497639e-01 7.408333252753733333e+00
8.398841993131278549e-01 7.410620090431459417e+00
5.690742535553428016e-01 7.414831526370368131e+00
6.612616532549516757e-01 7.439081222476957578e+00
5.906766528182429976e-01 7.445344789550067510e+00
5.850387913605999968e-01 7.464574252828112932e+00
6.098257481637503474e-01 7.474839385594910901e+00
4.838883602223899016e-01 7.482172381094395419e+00
5.262412207155100496e-01 7.497170918601429257e+00
5.154418473139625867e-01 7.552493234532690281e+00
4.089340083520978664e-01 7.557422517422534014e+00
4.385873703042231231e-01 7.562159392250749512e+00
2.049391369006764441e-01 7.569244124919527472e+00
5.790854481722793601e-01 7.573287240362169825e+00
6.431792257871814522e-01 7.588090737348975878e+00
5.766427331021629632e-01 7.601623065178342742e+00
4.596958378621273100e-01 7.606998986982114630e+00
6.279363887380373654e-01 7.623635772884943762e+00
5.079607303157442910e-01 7.633541811475583749e+00
4.411638940161157763e-01 7.637329824685100910e+00
6.000675587985352388e-01 7.639293365860186924e+00
8.748291937382709493e-01 7.640339059024601198e+00
6.051454450081660275e-01 7.646036182322490937e+00
6.950427944046089213e-01 7.662834646179326192e+00
5.175041749013002956e-01 7.665258104868024169e+00
6.539252706694539397e-01 7.669526819338952528e+00
2.554901782516116882e-01 7.671366998761886435e+00
5.354615996608325101e-01 7.686722510485551219e+00
-7.848453953763989688e-03 7.720266237984341195e+00
5.940040314953125566e-01 7.727356277798768325e+00
6.812762275846856452e-01 7.728847870998321490e+00
7.829948368104395762e-01 7.735747239598198099e+00
5.837674586815080335e-01 7.742687721467730988e+00
1.882971720530627613e-01 7.756260593233221812e+00
6.214778976163942703e-01 7.760770668100460234e+00
6.528289315202264742e-01 7.773160225150725466e+00
6.478881069606670096e-01 7.775829641198312103e+00
1.593578686455182636e-01 7.785564498888824403e+00
1.858354531919241270e-01 7.803607139399413306e+00
5.044419710733055728e-01 7.851209163773081201e+00
6.785289215861652901e-01 7.870758228162791248e+00
7.755152246468114408e-01 7.875407084926647094e+00
5.398480613314604604e-01 7.882818813769959299e+00
8.412385939750586239e-01 7.898074870141533310e+00
4.986667690488945093e-01 7.921920037662067315e+00
5.547048153706731766e-01 7.929052872442062139e+00
-6.421763375788419603e-02 7.930549847317961643e+00
7.000809072872804517e-01 7.931741187696539797e+00
5.015971021979179767e-01 7.952200816447071219e+00
6.204659411158520710e-01 7.956870952553678933e+00
5.281041641718587920e-01 7.974275213917499272e+00
7.333541224109028089e-01 7.981185416895571372e+00
1.507075325779066999e-01 7.989267121891720613e+00
1.637299162305420053e-01 7.999079247455441077e+00
2.249047385630493223e-01 8.002317531793323724e+00
2.507494428326000335e-01 8.008265435960558065e+00
4.369780273893306144e-01 8.027904100166667334e+00
4.422075357156319830e-01 8.037575898520870510e+00
4.317079684827428432e-01 8.058469138853327607e+00
5.329807478739546633e-01 8.068214555453717907e+00
3.148812740339346217e-03 8.070401724989430647e+00
5.803768360534851123e-01 8.070647508389232172e+00
4.399289683796116512e-01 8.091913175787816215e+00
3.840572163965718100e-01 8.092835915973328298e+00
5.077868013349459142e-01 8.099017018950368296e+00
6.429120158732924972e-01 8.125142908397034347e+00
3.943756046658067338e-01 8.126827671980953127e+00
4.759775336414753255e-01 8.155028690001662639e+00
6.281911024428752377e-01 8.172431458081376832e+00
5.315762183431137489e-01 8.175531066573391570e+00
5.550068873680491510e-01 8.176993930814944633e+00
4.382281908555349936e-01 8.184447664950070589e+00
-5.745054393034954021e-02 8.206011375331723201e+00
5.730838866509254670e-01 8.214458465254288910e+00
5.744487920942001891e-01 8.222709978729243474e+00
6.182462233518672967e-01 8.237820443979940066e+00
6.170912384857586419e-01 8.269714990004770172e+00
5.411918180600238104e-01 8.279161482022681540e+00
6.017599333556742369e-01 8.280219320891271551e+00
4.482145935160263828e-01 8.280949260278926971e+00
5.127102501895254294e-01 8.287952853111704599e+00
6.065235972475795379e-01 8.297307505419404094e+00
4.015297700368347655e-01 8.300969930012463749e+00
4.487337510783856454e-01 8.302179797806203965e+00
4.948433981797498160e-01 8.304045589804182725e+00
5.930046690317379854e-01 8.313934645392125233e+00
5.829789587391557282e-01 8.322901413058248821e+00
3.484178480617007301e-01 8.338400412040831711e+00
4.623163347407384105e-01 8.340000339362401149e+00
5.609449545196975029e-01 8.347188210862190871e+00
6.493606623589858184e-01 8.368516511082770393e+00
7.918313493689954630e-01 8.373187217745318378e+00
6.514030427970660675e-01 8.373616212464007447e+00
4.054020046085758944e-01 8.380119651051854746e+00
4.682276266115602270e-02 8.395717417176888020e+00
5.133929507193356612e-01 8.403331791257119932e+00
6.267564445318921651e-01 8.404251243628136692e+00
2.883285503815126161e-01 8.404629358898654701e+00
6.423538673255082543e-01 8.438617779818136100e+00
5.188439859651248209e-01 8.446629105818120209e+00
5.237777306613743411e-01 8.457318685738124842e+00
3.081028777335447222e-01 8.464507808868814820e+00
6.147157181555431560e-01 8.487103799901875689e+00
6.787878723510486489e-01 8.494989814312441823e+00
5.117806424050427294e-01 8.499094294532984151e+00
2.344156192072149869e-01 8.530396789375521038e+00
2.755710692837060050e-01 8.533576515981900812e+00
4.301735360007309938e-01 8.539664141311336110e+00
8.113604579817171869e-01 8.557251209723686358e+00
5.193163165606559106e-01 8.567502749579913868e+00
9.837803529945451930e-02 8.574509471923954962e+00
6.111054689400061690e-01 8.579535926819165326e+00
3.577269475238214480e-01 8.620686396179566557e+00
4.698410274565102962e-01 8.625470453191780962e+00
1.438606950651819816e-01 8.632284507252732553e+00
5.809153141165005474e-01 8.647285947271219797e+00
2.262962644826736480e-01 8.673635321968946599e+00
4.834962945992797856e-01 8.687401587779374879e+00
5.265868933485584602e-01 8.712828193933923160e+00
5.678376792136317075e-01 8.726127860818563065e+00
5.477137824429541002e-01 8.733257773948229996e+00
8.479321755495203838e-01 8.739688266552953166e+00
5.253831190007022256e-01 8.757884147028363486e+00
4.964855637085168194e-01 8.769349093768266101e+00
6.425930708576894912e-02 8.769919482426930202e+00
6.346045207844315250e-01 8.769968410941517689e+00
6.497629874746074785e-01 8.803619423260505172e+00
6.466913087558460171e-01 8.807900573556846524e+00
4.253029326209607774e-02 8.811750265266120152e+00
6.396897845698753526e-01 8.814609793620968858e+00
8.177031789090288827e-02 8.828779062028420554e+00
-9.111861971272738892e-02 8.828975416813586108e+00
6.369637200369543395e-01 8.839754772440377550e+00
4.890887145465979136e-01 8.847264712939049147e+00
5.472977531917629923e-01 8.850992508889495625e+00
7.084801313290172153e-01 8.868663343629668461e+00
4.431187287907795147e-01 8.877790719370636907e+00
4.757791427952084984e-01 8.940740594627985871e+00
5.387435862741273285e-01 8.946449461324888830e+00
5.036952168895959536e-01 8.953154952534106314e+00
6.469939344869736209e-01 8.957190341202267092e+00
8.823061590257581521e-01 8.971088981780768634e+00
5.159927811440777612e-01 8.977435789662500554e+00
4.997128673831927603e-01 9.013146338655507961e+00
4.721753982534225846e-01 9.018292761498528876e+00
5.308845923928715571e-01 9.053893513396864989e+00
5.157511571588121457e-01 9.063391858269447710e+00
5.307139517230441417e-01 9.075521287962303063e+00
5.371758806676991682e-01 9.080114344239326840e+00
5.434278406111716642e-01 9.090363671958211711e+00
8.359253509196359344e-01 9.098164121604630949e+00
5.857603590991840026e-01 9.100663632024803107e+00
5.166420815256026478e-01 9.105561553706102984e+00
6.668150899860942893e-01 9.119353306568992679e+00
4.869871837087006994e-01 9.132544021286474134e+00
6.288435948487871574e-01 9.141125113825864901e+00
5.881141327890792025e-01 9.157790558017149252e+00
5.519368087249564292e-01 9.160433447928211237e+00
5.159878123665414540e-01 9.164100976059494030e+00
5.239434136494719452e-01 9.171142603503033897e+00
7.128804887107326183e-01 9.199896753536794591e+00
5.576760716788696781e-01 9.220252560953273502e+00
6.888926382027548145e-01 9.231338407621329623e+00
6.531725111112532955e-01 9.238075359218321125e+00
4.621597807808788261e-01 9.249021366316986459e+00
2.054090153775340877e-01 9.249604470610902851e+00
6.177722122745075151e-01 9.252436036667900154e+00
5.152880561633510492e-01 9.260513086122905690e+00
5.527189984543197099e-01 9.265559183261114384e+00
6.436056235876802534e-01 9.265628795353777036e+00
1.211634765710201261e-01 9.273048319089820524e+00
5.247093320089430968e-01 9.273905447694863469e+00
5.852847935487117681e-01 9.278607879208115250e+00
6.141962682783352889e-01 9.280731691509744863e+00
5.204351654689234330e-01 9.316331518192715322e+00
4.704307350548725952e-01 9.318230485675039532e+00
5.695406059072943838e-01 9.323817142173705719e+00
5.417509955612876960e-01 9.329515470987413295e+00
3.119870489951357961e-01 9.334213511859411838e+00
4.672334883570338215e-01 9.343788288032770950e+00
6.711470919839048754e-01 9.344234623347913882e+00
7.134289454785771589e-01 9.358458812220726841e+00
1.818356428489347754e-01 9.360545190544144134e+00
6.248438498582082889e-01 9.375126842979723207e+00
8.085795328252978198e-01 9.376136203111659739e+00
4.522849238989504750e-01 9.378448828859488273e+00
3.354120558530818141e-01 9.386778243376459940e+00
6.580092422322336709e-01 9.396206629882312811e+00
2.493475290235071529e-01 9.423620106901026361e+00
1.928227450040720381e-01 9.453301966881946683e+00
5.408466540538569012e-01 9.479864023194082279e+00
4.946799778101253486e-01 9.481274716648915302e+00
4.677420535473204022e-01 9.486990876303647013e+00
5.946235864153209816e-01 9.490414085892236784e+00
6.428589508192844582e-01 9.512871464200705063e+00
2.808643823964368513e-01 9.515256903431952296e+00
5.320199505138825113e-01 9.528197464168080444e+00
6.872417954261336170e-01 9.566650490159366527e+00
4.352219676757598799e-01 9.575878343943616144e+00
4.415645081786994108e-01 9.583557378186709386e+00
-3.005741001573447591e-02 9.585411320764071874e+00
5.456429870136153548e-01 9.604402352318359704e+00
6.602152177896464247e-01 9.609947390260678901e+00
5.365530680764776239e-01 9.619084741364854807e+00
5.108178580450020156e-01 9.625521811477211642e+00
5.852317607659369703e-01 9.642982852261978266e+00
5.954814926157340205e-01 9.661215678513388028e+00
7.538562127593219087e-01 9.666978411564535634e+00
4.828866354877904832e-01 9.667433755793810590e+00
4.758346910658940998e-01 9.675166455836926360e+00
5.234243635673631045e-01 9.689413921869524771e+00
6.114666859295795343e-01 9.689828421650021895e+00
4.852764372300303330e-01 9.693985254543472152e+00
6.010260705936737446e-01 9.699028888412954075e+00
5.859361589451058672e-01 9.720444063648278288e+00
6.428259633151128805e-01 9.728752877486332551e+00
5.351795307841792360e-01 9.736604706621015737e+00
6.009376188159938348e-01 9.739320315486933666e+00
8.481999282700160014e-01 9.755187749921928386e+00
2.562339824287930279e-01 9.756464148689047988e+00
5.199044809682803470e-01 9.810918361013468925e+00
4.784204584824365836e-01 9.819093630671527961e+00
5.370865748178507149e-01 9.867592475879318314e+00
7.109768066890715943e-01 9.895095268674532818e+00
4.399545980149657254e-01 9.900335188623198945e+00
5.339579237338403228e-01 9.908728094026988842e+00
5.548209532637050634e-01 9.910921368329539405e+00
1.235346461242977228e-01 9.912950890302177243e+00
5.716027307068307639e-01 9.925274790626273713e+00
6.479086286155707475e-01 9.936900276013632904e+00
-6.812380878758961256e-03 9.960285690269801151e+00
5.658465026769919914e-01 9.973351445151484640e+00
5.568304271012067819e-01 9.994637094256994203e+00
5.877370638710547324e-01 1.001063221232968914e+01
5.607989068170121660e-01 1.001308612102052820e+01
6.166211568073582949e-01 1.001522598732729996e+01
-1.156209280915376780e-02 1.002684170958091769e+01
5.979061052959268041e-01 1.003193296708436222e+01
5.498059368568585237e-01 1.003569828310532941e+01
6.422669703146416387e-01 1.004076332749574973e+01
7.218737098493717141e-01 1.004233239580722881e+01
5.175307746220414451e-01 1.005272165873510026e+01
5.274917086988366588e-01 1.007957546337175891e+01
2.290270054664104715e-01 1.008284231010175347e+01
5.211876637934864664e-01 1.008841896789664183e+01
1.595527642368237964e-01 1.010888526906602181e+01
4.263405818301934103e-01 1.011434698009650468e+01
5.919878808347469601e-01 1.011844056586358853e+01
4.864266009083165754e-01 1.011877004290343152e+01
5.234315174700208129e-01 1.014592721863269453e+01
4.299245055177355335e-01 1.017101247020494270e+01
4.193791243633493981e-01 1.018266492688874791e+01
4.186438125061722748e-01 1.018411741110119628e+01
5.450709003679319320e-01 1.019628209508687178e+01
7.328005804080220953e-01 1.019754532333238828e+01
5.703772587692882423e-01 1.022705982598124841e+01
5.386155123037147385e-01 1.023127042045756596e+01
5.100164920184347972e-01 1.024280433904888632e+01
5.468595772737737670e-01 1.024848293707601599e+01
7.500395900542927707e-02 1.025494759363293085e+01
5.221650412030367505e-01 1.026247697659420766e+01
-1.318523900862313414e-01 1.026481130578874712e+01
6.421802933181041118e-01 1.027471873681794179e+01
6.095769093374479031e-01 1.030306067295850170e+01
1.205647199262455393e-01 1.030800422097710367e+01
6.082936884157922330e-01 1.036098434340291696e+01
6.233526880354911537e-01 1.036844375435247123e+01
4.110321156264955533e-01 1.037154710425581428e+01
5.145089133492573019e-01 1.039639348165867361e+01
6.291665369275442066e-01 1.039737338801464794e+01
5.216035305654237453e-01 1.040870124895840121e+01
4.654354028221357464e-01 1.041012525057209359e+01
5.272408352520988606e-01 1.044594004685603394e+01
5.149671613394684044e-01 1.045606217479063815e+01
6.220634314270200305e-01 1.046842493703888266e+01
5.912565343620109770e-01 1.046929418109975884e+01
1.935958962199828548e-01 1.047445643149417016e+01
5.558880430332644451e-01 1.048675502310757857e+01
5.150633492205252129e-01 1.048798323517280551e+01
6.251180414645511885e-01 1.049835593031493275e+01
5.486605874549762563e-01 1.050846037143361400e+01
5.342164179223224396e-01 1.054366552552029290e+01
5.505110910986825701e-01 1.054422519252285007e+01
4.974654438349742080e-01 1.054550483628951163e+01
6.146013932336426011e-01 1.055792703440284086e+01
6.184669520122962894e-01 1.057263760160179977e+01
4.691461065614522252e-01 1.057475558448587982e+01
6.302181399622388547e-01 1.057742215056383550e+01
5.885562135741920775e-01 1.058909848454675817e+01
5.693531043481904197e-01 1.062917524405402503e+01
5.691974912841201162e-01 1.064120195169927463e+01
8.860112646675304404e-01 1.064429110810959322e+01
5.096262602952085219e-01 1.064713317020038374e+01
5.549032238790142513e-01 1.065942587620520676e+01
4.525207937678346060e-01 1.066433644148554372e+01
5.635146502179733119e-01 1.069327544230516303e+01
5.577029717065424830e-01 1.069804085120871662e+01
4.829400465735377290e-01 1.071120768198868056e+01
8.665262642478829269e-01 1.071561651057668918e+01
5.451034489019697116e-01 1.074264264981914963e+01
4.631386721437418252e-01 1.074625511261144339e+01
5.664490834469603220e-01 1.076005728934387840e+01
5.688314229506595820e-01 1.076423262020673022e+01
-6.370265452464995981e-04 1.077220945262710572e+01
6.606848609834365949e-01 1.081415024700262251e+01
6.189719711684638082e-01 1.082443396920418266e+01
5.480054273834880085e-01 1.082655524527149815e+01
4.354898779889729843e-01 1.082833204604249211e+01
5.878999964725600824e-02 1.083496848637724241e+01
7.084181490974503781e-01 1.084775725904486166e+01
6.471734595393450196e-01 1.086229217352611087e+01
5.291752060608481134e-01 1.086346363677242799e+01
5.331215187029825220e-01 1.087403818079295981e+01
4.666871204741631640e-01 1.087845931435350622e+01
4.857031443827722339e-01 1.089984796330511330e+01
4.628440435526488539e-01 1.092548593177064831e+01
4.708091897264390369e-01 1.092760322919007265e+01
3.976088554057652935e-01 1.095140927667194042e+01
6.092148749878614211e-01 1.096757088234529043e+01
6.158879051756883660e-01 1.097626244912574123e+01
6.691995188100063885e-01 1.097669918701532588e+01
5.418365432382641345e-01 1.097796276273520988e+01
